numberOfTrials:15
numberOfBlocks:4
numberOfInstances:60
instanceRandomization:[157,6,18,3,58,24,25,31,118,248,132,9,21,42,216,247,108,4,80,290,23,191,61,13,329,32,11,12,10,8,1,117,72,97,19,51,479,5,345,122,16,475,158,2,110,7,256,14,17,321,101,406,22,20,377,131,484,57,27,15]
offloadingRandomization:[0,1,1,1,1,0,1,0,1,1,0,0,0,0,0,0,1,1,0,1,1,1,0,1,0,1,1,0,1,0,1,1,0,0,0,1,0,1,1,0,0,0,1,0,1,0,1,0,0,1,0,0,0,1,1,1,1,0,0,1]
decision:0
cost:0
reward:0
size:1
reward_amount:[1,1,1,1,1,1,1,1,1,1,1,1,1,1,1,1,1,1,1,1,1,1,1,1,1,1,1,1,1,1,1,1,1,1,1,1,1,1,1,1,1,1,1,1,1,1,1,1,1,1,1,1,1,1,1,1,1,1,1,1]
cost_digits:[1,1,1,1,1,1,1,1,1,1,1,1,1,1,1,1,1,1,1,1,1,1,1,1,1,1,1,1,1,1,1,1,1,1,1,1,1,1,1,1,1,1,1,1,1,1,1,1,1,1,1,1,1,1,1,1,1,1,1,1]
