numberOfTrials:15
numberOfBlocks:4
numberOfInstances:60
instanceRandomization:[256,20,19,18,9,329,110,31,8,108,14,42,290,51,191,72,15,118,406,247,12,157,117,216,158,4,17,3,131,57,10,25,58,132,122,27,61,5,484,479,22,2,1,345,24,21,475,321,97,101,7,248,16,11,13,377,6,80,23,32]
offloadingRandomization:[0,0,0,1,1,0,1,0,1,0,1,1,0,1,1,1,0,0,0,0,0,1,1,1,1,0,0,1,0,0,1,1,0,1,1,1,1,0,0,0,1,1,1,1,0,0,1,1,0,0,1,0,0,1,0,0,0,1,0,1]
decision:0
cost:0
reward:0
size:1
reward_amount:[1,1,1,1,1,1,1,1,1,1,1,1,1,1,1,1,1,1,1,1,1,1,1,1,1,1,1,1,1,1,1,1,1,1,1,1,1,1,1,1,1,1,1,1,1,1,1,1,1,1,1,1,1,1,1,1,1,1,1,1]
cost_digits:[1,1,1,1,1,1,1,1,1,1,1,1,1,1,1,1,1,1,1,1,1,1,1,1,1,1,1,1,1,1,1,1,1,1,1,1,1,1,1,1,1,1,1,1,1,1,1,1,1,1,1,1,1,1,1,1,1,1,1,1]
