numberOfTrials:15
numberOfBlocks:4
numberOfInstances:60
instanceRandomization:[57,157,61,256,25,31,8,132,5,27,131,19,191,475,4,247,406,14,97,22,32,12,51,3,2,345,18,6,80,42,9,118,122,24,23,479,110,1,58,216,484,290,329,17,21,20,7,108,13,117,158,16,72,11,321,377,101,10,15,248]
offloadingRandomization:[0,0,1,0,0,1,1,0,0,1,0,1,1,0,1,1,1,0,1,1,1,1,0,0,1,0,0,1,0,1,0,1,1,1,0,1,0,0,0,0,0,0,1,1,1,0,1,0,0,1,1,0,0,0,0,1,1,0,1,1]
decision:0
cost:0
reward:0
size:1
reward_amount:[1,1,1,1,1,1,1,1,1,1,1,1,1,1,1,1,1,1,1,1,1,1,1,1,1,1,1,1,1,1,1,1,1,1,1,1,1,1,1,1,1,1,1,1,1,1,1,1,1,1,1,1,1,1,1,1,1,1,1,1]
cost_digits:[1,1,1,1,1,1,1,1,1,1,1,1,1,1,1,1,1,1,1,1,1,1,1,1,1,1,1,1,1,1,1,1,1,1,1,1,1,1,1,1,1,1,1,1,1,1,1,1,1,1,1,1,1,1,1,1,1,1,1,1]
