numberOfTrials:15
numberOfBlocks:4
numberOfInstances:60
instanceRandomization:[122,16,18,247,6,23,42,101,9,321,484,377,3,32,117,8,21,191,11,24,51,329,108,216,13,406,12,19,290,27,157,132,57,248,158,10,72,15,20,118,5,7,58,17,61,475,479,4,97,25,14,1,22,256,31,110,80,2,131,345]
offloadingRandomization:[0,0,0,0,1,1,0,0,1,1,1,1,1,1,1,1,1,1,1,1,0,1,0,0,1,1,1,1,0,0,0,1,0,0,1,0,0,1,0,1,0,0,0,0,0,0,0,0,1,0,1,0,0,1,0,1,1,1,1,0]
decision:0
cost:0
reward:0
size:1
reward_amount:[1,1,1,1,1,1,1,1,1,1,1,1,1,1,1,1,1,1,1,1,1,1,1,1,1,1,1,1,1,1,1,1,1,1,1,1,1,1,1,1,1,1,1,1,1,1,1,1,1,1,1,1,1,1,1,1,1,1,1,1]
cost_digits:[1,1,1,1,1,1,1,1,1,1,1,1,1,1,1,1,1,1,1,1,1,1,1,1,1,1,1,1,1,1,1,1,1,1,1,1,1,1,1,1,1,1,1,1,1,1,1,1,1,1,1,1,1,1,1,1,1,1,1,1]
