numberOfTrials:15
numberOfBlocks:4
numberOfInstances:60
instanceRandomization:[122,72,42,80,9,3,132,5,247,101,248,1,157,4,131,22,97,32,24,25,8,51,256,290,479,23,117,321,12,13,406,2,15,7,108,20,110,31,118,191,377,329,19,484,58,6,10,345,14,16,61,18,158,475,27,21,17,57,216,11]
offloadingRandomization:[1,0,0,1,0,1,0,1,0,1,1,1,1,1,1,0,1,1,1,1,0,1,1,1,1,0,0,1,1,0,0,0,1,1,0,0,0,0,1,0,0,1,0,1,1,1,0,0,0,0,0,0,0,0,0,1,1,0,1,0]
decision:0
cost:0
reward:0
size:1
reward_amount:[1,1,1,1,1,1,1,1,1,1,1,1,1,1,1,1,1,1,1,1,1,1,1,1,1,1,1,1,1,1,1,1,1,1,1,1,1,1,1,1,1,1,1,1,1,1,1,1,1,1,1,1,1,1,1,1,1,1,1,1]
cost_digits:[1,1,1,1,1,1,1,1,1,1,1,1,1,1,1,1,1,1,1,1,1,1,1,1,1,1,1,1,1,1,1,1,1,1,1,1,1,1,1,1,1,1,1,1,1,1,1,1,1,1,1,1,1,1,1,1,1,1,1,1]
