numberOfTrials:15
numberOfBlocks:4
numberOfInstances:60
instanceRandomization:[14,42,216,23,51,32,9,80,21,8,191,377,345,118,25,248,10,11,27,4,290,484,101,19,58,117,17,406,5,108,7,122,72,22,20,158,61,3,31,6,1,475,157,132,329,2,15,479,131,110,247,256,13,97,57,18,24,12,321,16]
offloadingRandomization:[1,0,1,0,1,0,0,0,1,0,1,0,1,0,1,0,0,1,0,0,1,1,0,0,0,1,1,1,0,0,0,1,1,1,1,1,1,1,1,0,0,0,1,0,1,0,1,0,0,1,0,0,1,0,0,1,1,1,1,0]
decision:0
cost:0
reward:0
size:1
reward_amount:[1,1,1,1,1,1,1,1,1,1,1,1,1,1,1,1,1,1,1,1,1,1,1,1,1,1,1,1,1,1,1,1,1,1,1,1,1,1,1,1,1,1,1,1,1,1,1,1,1,1,1,1,1,1,1,1,1,1,1,1]
cost_digits:[1,1,1,1,1,1,1,1,1,1,1,1,1,1,1,1,1,1,1,1,1,1,1,1,1,1,1,1,1,1,1,1,1,1,1,1,1,1,1,1,1,1,1,1,1,1,1,1,1,1,1,1,1,1,1,1,1,1,1,1]
