numberOfTrials:15
numberOfBlocks:4
numberOfInstances:60
instanceRandomization:[4,10,406,9,101,57,8,20,484,475,13,2,72,42,122,321,377,256,1,97,24,132,80,31,3,51,21,14,7,19,117,216,108,32,247,22,12,191,17,345,15,58,158,5,110,25,329,157,118,290,248,6,131,61,27,18,479,23,11,16]
offloadingRandomization:[0,1,0,0,1,0,0,1,0,1,1,1,0,0,1,0,1,1,1,0,0,0,0,0,1,0,0,0,1,1,0,1,0,1,0,0,1,1,0,0,0,0,0,0,1,1,1,1,1,0,1,1,1,1,1,0,1,1,1,0]
decision:0
cost:0
reward:0
size:1
reward_amount:[1,1,1,1,1,1,1,1,1,1,1,1,1,1,1,1,1,1,1,1,1,1,1,1,1,1,1,1,1,1,1,1,1,1,1,1,1,1,1,1,1,1,1,1,1,1,1,1,1,1,1,1,1,1,1,1,1,1,1,1]
cost_digits:[1,1,1,1,1,1,1,1,1,1,1,1,1,1,1,1,1,1,1,1,1,1,1,1,1,1,1,1,1,1,1,1,1,1,1,1,1,1,1,1,1,1,1,1,1,1,1,1,1,1,1,1,1,1,1,1,1,1,1,1]
