numberOfTrials:15
numberOfBlocks:4
numberOfInstances:60
instanceRandomization:[1,72,58,5,406,479,31,345,2,3,329,7,158,51,122,157,9,23,290,24,110,101,216,248,256,21,12,27,16,32,321,14,4,377,117,17,57,42,8,80,191,247,25,11,6,118,484,131,13,20,22,97,10,475,132,19,61,18,15,108]
offloadingRandomization:[0,1,0,1,0,0,1,0,0,1,0,0,1,0,1,1,0,0,1,0,1,1,0,0,0,1,1,1,1,0,0,1,1,0,1,0,1,1,1,0,1,1,0,1,0,0,1,1,0,0,1,1,1,0,1,1,0,0,0,0]
decision:0
cost:0
reward:0
size:1
reward_amount:[1,1,1,1,1,1,1,1,1,1,1,1,1,1,1,1,1,1,1,1,1,1,1,1,1,1,1,1,1,1,1,1,1,1,1,1,1,1,1,1,1,1,1,1,1,1,1,1,1,1,1,1,1,1,1,1,1,1,1,1]
cost_digits:[1,1,1,1,1,1,1,1,1,1,1,1,1,1,1,1,1,1,1,1,1,1,1,1,1,1,1,1,1,1,1,1,1,1,1,1,1,1,1,1,1,1,1,1,1,1,1,1,1,1,1,1,1,1,1,1,1,1,1,1]
