numberOfTrials:15
numberOfBlocks:4
numberOfInstances:60
instanceRandomization:[10,22,14,122,248,3,131,108,80,7,1,157,256,132,16,479,51,11,6,19,8,247,484,290,2,321,21,101,24,110,329,17,23,61,406,345,58,118,117,216,20,158,25,31,4,57,12,72,15,475,9,97,13,18,5,27,191,42,32,377]
offloadingRandomization:[0,1,1,0,1,0,0,0,0,1,1,1,0,0,1,1,0,0,0,1,0,1,1,0,1,1,1,1,1,1,0,1,1,1,1,0,0,0,1,1,0,0,0,1,0,0,0,1,1,1,0,0,1,0,0,0,0,1,1,0]
decision:0
cost:0
reward:0
size:1
reward_amount:[1,1,1,1,1,1,1,1,1,1,1,1,1,1,1,1,1,1,1,1,1,1,1,1,1,1,1,1,1,1,1,1,1,1,1,1,1,1,1,1,1,1,1,1,1,1,1,1,1,1,1,1,1,1,1,1,1,1,1,1]
cost_digits:[1,1,1,1,1,1,1,1,1,1,1,1,1,1,1,1,1,1,1,1,1,1,1,1,1,1,1,1,1,1,1,1,1,1,1,1,1,1,1,1,1,1,1,1,1,1,1,1,1,1,1,1,1,1,1,1,1,1,1,1]
