numberOfTrials:15
numberOfBlocks:4
numberOfInstances:60
instanceRandomization:[475,42,72,9,11,484,15,108,20,122,13,4,248,97,80,118,3,191,16,247,290,2,117,216,479,101,21,14,6,22,345,31,132,256,5,32,12,329,7,23,57,18,110,10,27,8,51,25,377,406,19,58,158,1,157,24,131,61,17,321]
offloadingRandomization:[0,1,1,1,0,0,0,0,1,0,1,1,0,0,0,0,0,0,1,1,1,0,1,1,0,0,0,0,1,1,1,0,0,0,0,0,0,1,0,0,1,0,0,1,1,1,1,1,0,1,1,0,1,1,0,1,1,1,1,1]
decision:0
cost:0
reward:0
size:1
reward_amount:[1,1,1,1,1,1,1,1,1,1,1,1,1,1,1,1,1,1,1,1,1,1,1,1,1,1,1,1,1,1,1,1,1,1,1,1,1,1,1,1,1,1,1,1,1,1,1,1,1,1,1,1,1,1,1,1,1,1,1,1]
cost_digits:[1,1,1,1,1,1,1,1,1,1,1,1,1,1,1,1,1,1,1,1,1,1,1,1,1,1,1,1,1,1,1,1,1,1,1,1,1,1,1,1,1,1,1,1,1,1,1,1,1,1,1,1,1,1,1,1,1,1,1,1]
