numberOfTrials:15
numberOfBlocks:4
numberOfInstances:60
instanceRandomization:[110,11,12,20,13,345,132,479,25,118,191,14,19,256,27,58,5,406,108,329,61,131,377,290,9,10,51,7,2,8,80,484,24,248,4,122,16,17,247,475,21,15,117,157,6,22,1,321,42,101,57,18,3,158,97,23,31,216,72,32]
offloadingRandomization:[0,0,0,1,1,1,0,1,1,0,0,1,0,1,0,1,0,0,0,0,1,0,0,1,0,1,1,1,1,0,1,0,1,1,1,0,1,1,0,0,1,0,1,0,0,0,1,0,1,0,1,0,1,1,1,0,1,1,0,0]
decision:0
cost:0
reward:0
size:1
reward_amount:[1,1,1,1,1,1,1,1,1,1,1,1,1,1,1,1,1,1,1,1,1,1,1,1,1,1,1,1,1,1,1,1,1,1,1,1,1,1,1,1,1,1,1,1,1,1,1,1,1,1,1,1,1,1,1,1,1,1,1,1]
cost_digits:[1,1,1,1,1,1,1,1,1,1,1,1,1,1,1,1,1,1,1,1,1,1,1,1,1,1,1,1,1,1,1,1,1,1,1,1,1,1,1,1,1,1,1,1,1,1,1,1,1,1,1,1,1,1,1,1,1,1,1,1]
