numberOfTrials:15
numberOfBlocks:4
numberOfInstances:60
instanceRandomization:[14,61,97,484,11,110,22,321,118,9,16,191,3,80,406,131,101,57,475,19,158,117,4,7,25,157,42,51,216,8,122,15,20,12,24,256,10,27,290,23,58,6,377,248,17,32,479,345,18,329,2,132,21,247,72,5,31,1,108,13]
offloadingRandomization:[0,1,0,0,1,0,1,0,1,0,0,0,0,0,1,0,0,1,1,1,1,1,1,1,1,0,1,0,0,0,0,0,1,0,1,0,1,0,1,0,1,1,1,1,1,1,1,0,1,0,1,1,0,0,0,0,1,0,0,1]
decision:0
cost:0
reward:0
size:1
reward_amount:[1,1,1,1,1,1,1,1,1,1,1,1,1,1,1,1,1,1,1,1,1,1,1,1,1,1,1,1,1,1,1,1,1,1,1,1,1,1,1,1,1,1,1,1,1,1,1,1,1,1,1,1,1,1,1,1,1,1,1,1]
cost_digits:[1,1,1,1,1,1,1,1,1,1,1,1,1,1,1,1,1,1,1,1,1,1,1,1,1,1,1,1,1,1,1,1,1,1,1,1,1,1,1,1,1,1,1,1,1,1,1,1,1,1,1,1,1,1,1,1,1,1,1,1]
