numberOfTrials:15
numberOfBlocks:4
numberOfInstances:60
instanceRandomization:[20,117,32,25,118,101,290,256,406,8,484,110,3,5,345,21,31,248,42,329,12,23,122,15,108,132,6,14,191,9,4,475,16,10,22,80,1,51,216,157,17,58,247,72,13,19,18,2,479,131,61,11,24,27,377,97,158,321,57,7]
offloadingRandomization:[1,0,0,0,0,0,1,1,1,1,0,0,0,1,1,0,1,0,1,0,0,0,1,1,0,0,1,1,0,0,0,1,0,0,1,1,0,0,1,0,1,0,1,0,0,1,0,1,0,1,1,1,1,1,0,1,1,0,1,1]
decision:0
cost:0
reward:0
size:1
reward_amount:[1,1,1,1,1,1,1,1,1,1,1,1,1,1,1,1,1,1,1,1,1,1,1,1,1,1,1,1,1,1,1,1,1,1,1,1,1,1,1,1,1,1,1,1,1,1,1,1,1,1,1,1,1,1,1,1,1,1,1,1]
cost_digits:[1,1,1,1,1,1,1,1,1,1,1,1,1,1,1,1,1,1,1,1,1,1,1,1,1,1,1,1,1,1,1,1,1,1,1,1,1,1,1,1,1,1,1,1,1,1,1,1,1,1,1,1,1,1,1,1,1,1,1,1]
