numberOfTrials:15
numberOfBlocks:4
numberOfInstances:60
instanceRandomization:[131,191,479,108,117,17,51,216,329,12,14,25,15,7,406,61,42,9,475,10,16,8,31,484,345,13,27,4,110,22,19,20,2,21,6,80,248,58,57,132,97,256,72,247,18,101,157,23,377,290,32,158,321,118,3,5,24,11,1,122]
offloadingRandomization:[0,1,0,1,1,0,1,1,1,1,1,0,1,0,1,0,0,0,0,1,0,0,1,0,0,1,0,0,1,0,1,0,1,0,0,0,1,0,0,0,1,0,1,0,1,1,0,1,0,1,0,1,1,1,1,1,0,1,1,0]
decision:0
cost:0
reward:0
size:1
reward_amount:[1,1,1,1,1,1,1,1,1,1,1,1,1,1,1,1,1,1,1,1,1,1,1,1,1,1,1,1,1,1,1,1,1,1,1,1,1,1,1,1,1,1,1,1,1,1,1,1,1,1,1,1,1,1,1,1,1,1,1,1]
cost_digits:[1,1,1,1,1,1,1,1,1,1,1,1,1,1,1,1,1,1,1,1,1,1,1,1,1,1,1,1,1,1,1,1,1,1,1,1,1,1,1,1,1,1,1,1,1,1,1,1,1,1,1,1,1,1,1,1,1,1,1,1]
