numberOfTrials:15
numberOfBlocks:4
numberOfInstances:60
instanceRandomization:[118,479,19,5,51,131,10,406,18,13,7,31,321,2,329,32,157,15,256,158,216,24,80,8,4,20,484,27,12,108,191,42,57,247,117,6,58,122,3,97,21,1,22,475,11,377,14,61,23,132,290,72,9,248,25,110,16,345,101,17]
offloadingRandomization:[0,1,1,1,0,1,1,0,0,0,1,0,0,0,1,1,0,0,1,0,0,1,1,0,1,1,1,1,0,1,1,0,0,1,0,0,0,1,1,0,1,1,0,0,0,1,1,1,0,1,0,0,0,0,0,0,1,1,1,1]
decision:0
cost:0
reward:0
size:1
reward_amount:[1,1,1,1,1,1,1,1,1,1,1,1,1,1,1,1,1,1,1,1,1,1,1,1,1,1,1,1,1,1,1,1,1,1,1,1,1,1,1,1,1,1,1,1,1,1,1,1,1,1,1,1,1,1,1,1,1,1,1,1]
cost_digits:[1,1,1,1,1,1,1,1,1,1,1,1,1,1,1,1,1,1,1,1,1,1,1,1,1,1,1,1,1,1,1,1,1,1,1,1,1,1,1,1,1,1,1,1,1,1,1,1,1,1,1,1,1,1,1,1,1,1,1,1]
