numberOfTrials:15
numberOfBlocks:4
numberOfInstances:60
instanceRandomization:[18,21,122,479,256,329,131,14,475,110,11,23,10,117,5,51,3,158,9,58,57,2,97,132,484,345,22,16,101,32,157,4,108,377,42,6,216,8,1,13,247,19,15,27,72,17,12,61,406,80,191,7,24,25,118,321,290,248,31,20]
offloadingRandomization:[1,0,0,0,1,1,0,1,1,0,0,1,0,0,0,1,0,0,0,1,0,0,1,0,1,0,1,1,0,1,1,0,1,1,0,1,1,0,1,0,1,1,0,1,0,1,1,1,0,0,0,0,1,1,0,0,1,0,1,1]
decision:0
cost:0
reward:0
size:1
reward_amount:[1,1,1,1,1,1,1,1,1,1,1,1,1,1,1,1,1,1,1,1,1,1,1,1,1,1,1,1,1,1,1,1,1,1,1,1,1,1,1,1,1,1,1,1,1,1,1,1,1,1,1,1,1,1,1,1,1,1,1,1]
cost_digits:[1,1,1,1,1,1,1,1,1,1,1,1,1,1,1,1,1,1,1,1,1,1,1,1,1,1,1,1,1,1,1,1,1,1,1,1,1,1,1,1,1,1,1,1,1,1,1,1,1,1,1,1,1,1,1,1,1,1,1,1]
