numberOfTrials:15
numberOfBlocks:4
numberOfInstances:60
instanceRandomization:[256,248,101,21,3,122,57,42,17,117,25,158,345,24,16,406,18,20,11,132,31,479,216,15,80,4,191,58,6,131,7,2,51,329,61,10,97,484,9,14,8,108,475,13,23,321,118,1,12,32,22,377,247,5,290,72,110,157,19,27]
offloadingRandomization:[1,1,1,0,1,0,1,1,1,0,0,1,0,1,1,0,1,1,0,1,0,0,0,0,1,0,0,0,0,0,0,1,0,0,1,1,1,1,1,0,0,0,1,1,0,0,1,1,1,1,1,1,0,0,0,0,1,0,0,1]
decision:0
cost:0
reward:0
size:1
reward_amount:[1,1,1,1,1,1,1,1,1,1,1,1,1,1,1,1,1,1,1,1,1,1,1,1,1,1,1,1,1,1,1,1,1,1,1,1,1,1,1,1,1,1,1,1,1,1,1,1,1,1,1,1,1,1,1,1,1,1,1,1]
cost_digits:[1,1,1,1,1,1,1,1,1,1,1,1,1,1,1,1,1,1,1,1,1,1,1,1,1,1,1,1,1,1,1,1,1,1,1,1,1,1,1,1,1,1,1,1,1,1,1,1,1,1,1,1,1,1,1,1,1,1,1,1]
