numberOfTrials:15
numberOfBlocks:4
numberOfInstances:60
instanceRandomization:[42,6,27,8,57,321,101,10,16,158,132,19,1,18,24,2,14,475,484,12,21,80,108,31,479,191,23,32,7,247,51,377,13,97,15,118,406,17,3,117,4,157,9,110,248,290,11,20,256,329,61,216,25,345,58,131,5,122,22,72]
offloadingRandomization:[1,1,0,0,0,1,0,0,0,0,0,1,0,1,1,1,1,0,1,1,0,0,1,1,0,1,1,0,0,0,0,1,1,1,1,1,0,1,0,0,1,1,1,0,0,1,0,0,1,1,1,0,0,0,1,0,1,1,0,0]
decision:0
cost:0
reward:0
size:1
reward_amount:[1,1,1,1,1,1,1,1,1,1,1,1,1,1,1,1,1,1,1,1,1,1,1,1,1,1,1,1,1,1,1,1,1,1,1,1,1,1,1,1,1,1,1,1,1,1,1,1,1,1,1,1,1,1,1,1,1,1,1,1]
cost_digits:[1,1,1,1,1,1,1,1,1,1,1,1,1,1,1,1,1,1,1,1,1,1,1,1,1,1,1,1,1,1,1,1,1,1,1,1,1,1,1,1,1,1,1,1,1,1,1,1,1,1,1,1,1,1,1,1,1,1,1,1]
