numberOfTrials:15
numberOfBlocks:4
numberOfInstances:60
instanceRandomization:[479,3,108,118,31,12,345,2,72,16,58,247,97,191,25,5,15,1,27,42,10,20,256,131,216,57,61,475,80,17,157,32,321,122,24,158,6,329,132,22,51,7,4,23,9,110,11,117,290,13,14,19,248,101,406,21,8,18,377,484]
offloadingRandomization:[1,1,0,1,0,0,0,1,1,0,0,0,0,0,1,0,0,1,0,0,1,1,0,0,0,1,0,1,1,1,1,0,1,0,1,1,0,1,1,0,1,0,1,0,1,1,0,1,0,1,1,1,1,0,0,0,1,0,1,0]
decision:0
cost:0
reward:0
size:1
reward_amount:[1,1,1,1,1,1,1,1,1,1,1,1,1,1,1,1,1,1,1,1,1,1,1,1,1,1,1,1,1,1,1,1,1,1,1,1,1,1,1,1,1,1,1,1,1,1,1,1,1,1,1,1,1,1,1,1,1,1,1,1]
cost_digits:[1,1,1,1,1,1,1,1,1,1,1,1,1,1,1,1,1,1,1,1,1,1,1,1,1,1,1,1,1,1,1,1,1,1,1,1,1,1,1,1,1,1,1,1,1,1,1,1,1,1,1,1,1,1,1,1,1,1,1,1]
