numberOfTrials:15
numberOfBlocks:4
numberOfInstances:60
instanceRandomization:[10,2,191,4,3,110,479,51,16,321,72,290,31,108,9,42,12,58,158,475,14,17,13,32,57,132,19,11,329,18,484,23,248,80,1,216,345,5,118,27,24,21,377,122,15,101,7,406,25,20,97,157,117,256,8,6,131,247,22,61]
offloadingRandomization:[0,0,0,1,0,0,1,1,1,1,1,1,0,0,0,1,0,1,1,0,1,0,0,1,0,0,1,1,1,0,1,0,0,0,0,0,0,1,0,0,1,0,0,1,1,1,1,1,1,1,1,0,1,0,0,0,0,1,1,1]
decision:0
cost:0
reward:0
size:1
reward_amount:[1,1,1,1,1,1,1,1,1,1,1,1,1,1,1,1,1,1,1,1,1,1,1,1,1,1,1,1,1,1,1,1,1,1,1,1,1,1,1,1,1,1,1,1,1,1,1,1,1,1,1,1,1,1,1,1,1,1,1,1]
cost_digits:[1,1,1,1,1,1,1,1,1,1,1,1,1,1,1,1,1,1,1,1,1,1,1,1,1,1,1,1,1,1,1,1,1,1,1,1,1,1,1,1,1,1,1,1,1,1,1,1,1,1,1,1,1,1,1,1,1,1,1,1]
