numberOfTrials:15
numberOfBlocks:4
numberOfInstances:60
instanceRandomization:[31,157,16,118,345,4,27,7,479,8,11,57,97,72,132,247,18,406,21,20,117,216,14,248,108,131,25,110,377,1,42,32,3,191,256,13,101,22,12,19,2,24,122,290,484,17,5,9,23,475,15,80,158,6,51,58,329,10,321,61]
offloadingRandomization:[1,1,1,1,1,0,0,0,0,1,1,0,0,1,1,0,1,1,0,0,0,1,1,1,1,0,1,1,1,0,0,0,1,1,0,1,1,0,0,0,0,0,1,0,1,1,0,1,1,0,1,0,0,1,0,0,0,0,1,0]
decision:0
cost:0
reward:0
size:1
reward_amount:[1,1,1,1,1,1,1,1,1,1,1,1,1,1,1,1,1,1,1,1,1,1,1,1,1,1,1,1,1,1,1,1,1,1,1,1,1,1,1,1,1,1,1,1,1,1,1,1,1,1,1,1,1,1,1,1,1,1,1,1]
cost_digits:[1,1,1,1,1,1,1,1,1,1,1,1,1,1,1,1,1,1,1,1,1,1,1,1,1,1,1,1,1,1,1,1,1,1,1,1,1,1,1,1,1,1,1,1,1,1,1,1,1,1,1,1,1,1,1,1,1,1,1,1]
