numberOfTrials:15
numberOfBlocks:4
numberOfInstances:60
instanceRandomization:[1,42,17,2,475,80,132,3,32,108,24,216,247,27,22,25,157,479,23,484,97,15,122,4,110,6,345,72,101,12,18,8,51,13,117,57,290,191,329,19,248,14,321,20,21,16,31,5,377,256,11,58,131,7,158,118,9,406,10,61]
offloadingRandomization:[0,0,0,0,0,0,1,1,1,1,0,1,0,1,1,1,0,0,0,0,1,0,1,1,0,0,1,0,1,0,0,1,0,0,1,0,1,0,1,0,0,1,1,1,1,1,1,1,0,1,0,1,1,1,1,0,0,0,1,0]
decision:0
cost:0
reward:0
size:1
reward_amount:[1,1,1,1,1,1,1,1,1,1,1,1,1,1,1,1,1,1,1,1,1,1,1,1,1,1,1,1,1,1,1,1,1,1,1,1,1,1,1,1,1,1,1,1,1,1,1,1,1,1,1,1,1,1,1,1,1,1,1,1]
cost_digits:[1,1,1,1,1,1,1,1,1,1,1,1,1,1,1,1,1,1,1,1,1,1,1,1,1,1,1,1,1,1,1,1,1,1,1,1,1,1,1,1,1,1,1,1,1,1,1,1,1,1,1,1,1,1,1,1,1,1,1,1]
