numberOfTrials:15
numberOfBlocks:4
numberOfInstances:60
instanceRandomization:[406,256,23,131,61,27,72,377,7,3,484,57,42,12,15,158,8,24,290,11,108,345,122,329,18,9,6,13,247,17,132,20,1,479,51,110,2,475,58,25,157,32,16,321,14,248,191,4,118,10,5,80,31,19,97,22,101,21,216,117]
offloadingRandomization:[0,1,1,0,1,0,1,0,1,0,1,1,1,1,1,0,0,1,1,1,1,0,0,1,0,0,0,1,1,1,1,1,1,0,0,0,0,1,0,0,0,1,0,1,1,1,0,0,0,0,0,1,0,1,0,1,0,0,0,1]
decision:0
cost:0
reward:0
size:1
reward_amount:[1,1,1,1,1,1,1,1,1,1,1,1,1,1,1,1,1,1,1,1,1,1,1,1,1,1,1,1,1,1,1,1,1,1,1,1,1,1,1,1,1,1,1,1,1,1,1,1,1,1,1,1,1,1,1,1,1,1,1,1]
cost_digits:[1,1,1,1,1,1,1,1,1,1,1,1,1,1,1,1,1,1,1,1,1,1,1,1,1,1,1,1,1,1,1,1,1,1,1,1,1,1,1,1,1,1,1,1,1,1,1,1,1,1,1,1,1,1,1,1,1,1,1,1]
