numberOfTrials:15
numberOfBlocks:4
numberOfInstances:60
instanceRandomization:[475,13,2,377,42,14,7,290,484,118,11,6,101,9,18,20,57,5,157,58,97,479,12,191,32,72,25,256,19,27,61,17,51,24,15,345,10,22,131,4,329,31,406,216,3,23,247,110,132,158,122,21,108,80,248,8,321,16,117,1]
offloadingRandomization:[0,1,0,0,1,0,0,1,0,1,1,1,0,1,0,0,0,0,0,0,0,0,1,1,1,0,1,0,1,0,0,1,0,1,0,1,0,1,0,0,1,1,1,1,1,0,0,1,0,1,0,0,1,1,1,0,1,1,1,1]
decision:0
cost:0
reward:0
size:1
reward_amount:[1,1,1,1,1,1,1,1,1,1,1,1,1,1,1,1,1,1,1,1,1,1,1,1,1,1,1,1,1,1,1,1,1,1,1,1,1,1,1,1,1,1,1,1,1,1,1,1,1,1,1,1,1,1,1,1,1,1,1,1]
cost_digits:[1,1,1,1,1,1,1,1,1,1,1,1,1,1,1,1,1,1,1,1,1,1,1,1,1,1,1,1,1,1,1,1,1,1,1,1,1,1,1,1,1,1,1,1,1,1,1,1,1,1,1,1,1,1,1,1,1,1,1,1]
