numberOfTrials:15
numberOfBlocks:4
numberOfInstances:60
instanceRandomization:[117,16,51,5,377,15,11,32,484,118,57,321,216,191,20,61,23,13,12,58,475,97,22,4,345,290,80,31,248,1,9,6,17,14,406,158,3,256,131,2,479,157,72,24,7,25,101,247,122,132,8,19,110,21,42,10,329,108,27,18]
offloadingRandomization:[1,0,1,1,0,0,1,1,0,0,1,1,0,1,1,0,1,0,1,0,0,1,0,0,1,1,1,1,0,1,0,0,0,0,0,1,1,0,0,0,0,0,1,0,0,0,0,1,1,1,1,1,1,0,1,0,1,0,1,1]
decision:0
cost:0
reward:0
size:1
reward_amount:[1,1,1,1,1,1,1,1,1,1,1,1,1,1,1,1,1,1,1,1,1,1,1,1,1,1,1,1,1,1,1,1,1,1,1,1,1,1,1,1,1,1,1,1,1,1,1,1,1,1,1,1,1,1,1,1,1,1,1,1]
cost_digits:[1,1,1,1,1,1,1,1,1,1,1,1,1,1,1,1,1,1,1,1,1,1,1,1,1,1,1,1,1,1,1,1,1,1,1,1,1,1,1,1,1,1,1,1,1,1,1,1,1,1,1,1,1,1,1,1,1,1,1,1]
