numberOfTrials:15
numberOfBlocks:4
numberOfInstances:60
instanceRandomization:[345,1,14,16,479,15,247,80,158,25,10,51,72,108,22,19,4,3,321,6,61,329,31,23,7,42,58,377,484,57,101,475,11,191,157,21,27,248,110,5,256,117,20,9,32,97,8,290,216,17,406,13,132,18,12,131,24,122,118,2]
offloadingRandomization:[1,0,1,1,0,0,1,0,0,1,0,1,0,1,0,1,1,1,0,1,0,0,1,1,0,0,0,1,0,1,1,1,1,1,1,1,0,1,0,0,0,0,0,0,0,1,0,1,1,0,0,1,0,0,1,1,0,0,1,1]
decision:0
cost:0
reward:0
size:1
reward_amount:[1,1,1,1,1,1,1,1,1,1,1,1,1,1,1,1,1,1,1,1,1,1,1,1,1,1,1,1,1,1,1,1,1,1,1,1,1,1,1,1,1,1,1,1,1,1,1,1,1,1,1,1,1,1,1,1,1,1,1,1]
cost_digits:[1,1,1,1,1,1,1,1,1,1,1,1,1,1,1,1,1,1,1,1,1,1,1,1,1,1,1,1,1,1,1,1,1,1,1,1,1,1,1,1,1,1,1,1,1,1,1,1,1,1,1,1,1,1,1,1,1,1,1,1]
