numberOfTrials:15
numberOfBlocks:4
numberOfInstances:60
instanceRandomization:[97,23,132,131,4,24,22,51,256,329,122,377,58,25,17,72,479,3,27,19,484,247,6,16,101,12,7,108,10,191,345,13,110,61,118,290,11,1,57,5,475,42,18,216,20,158,157,32,406,80,117,31,8,321,14,2,15,248,21,9]
offloadingRandomization:[1,1,1,0,0,1,1,1,0,0,1,1,1,1,0,0,1,0,0,1,1,0,0,0,0,1,1,1,1,0,1,1,0,0,0,0,0,1,1,1,0,0,0,0,0,0,1,0,1,0,1,1,0,0,1,0,0,1,1,1]
decision:0
cost:0
reward:0
size:1
reward_amount:[1,1,1,1,1,1,1,1,1,1,1,1,1,1,1,1,1,1,1,1,1,1,1,1,1,1,1,1,1,1,1,1,1,1,1,1,1,1,1,1,1,1,1,1,1,1,1,1,1,1,1,1,1,1,1,1,1,1,1,1]
cost_digits:[1,1,1,1,1,1,1,1,1,1,1,1,1,1,1,1,1,1,1,1,1,1,1,1,1,1,1,1,1,1,1,1,1,1,1,1,1,1,1,1,1,1,1,1,1,1,1,1,1,1,1,1,1,1,1,1,1,1,1,1]
