numberOfTrials:15
numberOfBlocks:4
numberOfInstances:60
instanceRandomization:[479,321,345,25,158,108,157,131,16,18,5,6,117,19,80,1,290,122,484,475,23,110,17,3,15,24,256,32,10,57,27,377,14,8,61,248,21,247,2,51,42,20,12,13,216,132,4,7,329,11,22,9,191,58,31,118,72,101,97,406]
offloadingRandomization:[0,1,0,1,0,1,0,0,1,0,1,0,1,1,1,0,0,0,1,1,1,0,0,0,1,0,0,1,0,1,0,1,0,1,0,1,1,1,0,1,1,1,0,0,1,0,0,0,1,0,1,0,1,0,1,1,1,1,0,0]
decision:0
cost:0
reward:0
size:1
reward_amount:[1,1,1,1,1,1,1,1,1,1,1,1,1,1,1,1,1,1,1,1,1,1,1,1,1,1,1,1,1,1,1,1,1,1,1,1,1,1,1,1,1,1,1,1,1,1,1,1,1,1,1,1,1,1,1,1,1,1,1,1]
cost_digits:[1,1,1,1,1,1,1,1,1,1,1,1,1,1,1,1,1,1,1,1,1,1,1,1,1,1,1,1,1,1,1,1,1,1,1,1,1,1,1,1,1,1,1,1,1,1,1,1,1,1,1,1,1,1,1,1,1,1,1,1]
