numberOfTrials:15
numberOfBlocks:4
numberOfInstances:60
instanceRandomization:[3,5,216,118,9,108,42,248,191,15,97,22,72,27,131,117,7,132,475,19,57,16,25,23,58,51,290,14,484,247,329,377,158,2,256,61,20,17,122,80,8,24,321,1,6,21,345,101,479,12,406,4,13,110,31,10,157,18,32,11]
offloadingRandomization:[0,1,1,0,0,1,1,0,0,1,0,0,0,1,1,1,0,0,1,0,0,0,1,1,0,1,1,0,1,1,0,1,0,1,1,1,0,0,0,0,1,1,0,0,0,1,0,1,0,1,1,1,0,1,1,1,0,0,0,1]
decision:0
cost:0
reward:0
size:1
reward_amount:[1,1,1,1,1,1,1,1,1,1,1,1,1,1,1,1,1,1,1,1,1,1,1,1,1,1,1,1,1,1,1,1,1,1,1,1,1,1,1,1,1,1,1,1,1,1,1,1,1,1,1,1,1,1,1,1,1,1,1,1]
cost_digits:[1,1,1,1,1,1,1,1,1,1,1,1,1,1,1,1,1,1,1,1,1,1,1,1,1,1,1,1,1,1,1,1,1,1,1,1,1,1,1,1,1,1,1,1,1,1,1,1,1,1,1,1,1,1,1,1,1,1,1,1]
