numberOfTrials:15
numberOfBlocks:4
numberOfInstances:60
instanceRandomization:[25,108,484,2,118,17,97,377,8,21,248,51,58,32,475,42,23,20,14,132,131,13,256,11,15,479,117,18,31,290,101,191,6,329,321,57,7,158,16,9,122,247,4,24,12,19,110,5,61,406,1,345,3,72,22,27,157,80,10,216]
offloadingRandomization:[1,1,1,1,0,1,1,1,0,1,0,0,1,1,1,1,0,0,0,0,0,0,0,0,1,1,0,1,1,1,1,0,1,0,1,1,0,0,1,0,0,1,0,0,1,0,1,1,0,0,0,1,1,1,0,0,0,1,0,0]
decision:0
cost:0
reward:0
size:1
reward_amount:[1,1,1,1,1,1,1,1,1,1,1,1,1,1,1,1,1,1,1,1,1,1,1,1,1,1,1,1,1,1,1,1,1,1,1,1,1,1,1,1,1,1,1,1,1,1,1,1,1,1,1,1,1,1,1,1,1,1,1,1]
cost_digits:[1,1,1,1,1,1,1,1,1,1,1,1,1,1,1,1,1,1,1,1,1,1,1,1,1,1,1,1,1,1,1,1,1,1,1,1,1,1,1,1,1,1,1,1,1,1,1,1,1,1,1,1,1,1,1,1,1,1,1,1]
