numberOfTrials:15
numberOfBlocks:4
numberOfInstances:60
instanceRandomization:[11,158,345,80,6,3,7,16,131,484,20,32,321,27,216,377,118,72,42,4,61,406,12,19,132,1,475,117,18,24,108,57,23,157,247,479,191,21,51,8,31,22,14,329,17,110,13,25,5,290,97,122,2,58,248,256,9,101,10,15]
offloadingRandomization:[0,0,0,1,1,1,0,0,0,0,1,1,0,1,0,1,0,1,1,0,0,0,0,1,1,1,1,0,0,0,0,0,1,0,0,1,1,1,0,1,1,0,0,1,1,1,1,1,0,0,1,1,0,1,1,1,1,0,0,0]
decision:0
cost:0
reward:0
size:1
reward_amount:[1,1,1,1,1,1,1,1,1,1,1,1,1,1,1,1,1,1,1,1,1,1,1,1,1,1,1,1,1,1,1,1,1,1,1,1,1,1,1,1,1,1,1,1,1,1,1,1,1,1,1,1,1,1,1,1,1,1,1,1]
cost_digits:[1,1,1,1,1,1,1,1,1,1,1,1,1,1,1,1,1,1,1,1,1,1,1,1,1,1,1,1,1,1,1,1,1,1,1,1,1,1,1,1,1,1,1,1,1,1,1,1,1,1,1,1,1,1,1,1,1,1,1,1]
