numberOfTrials:15
numberOfBlocks:4
numberOfInstances:60
instanceRandomization:[117,216,329,122,97,57,27,248,14,5,247,17,22,9,18,484,72,345,15,157,110,4,42,10,24,7,3,101,19,80,13,8,23,158,32,11,191,58,16,61,321,479,377,25,108,12,6,290,256,118,31,2,20,475,1,406,131,21,51,132]
offloadingRandomization:[1,0,1,1,1,0,1,0,0,1,1,0,1,0,0,0,0,0,0,1,0,0,1,1,0,1,0,1,1,0,1,1,0,0,0,1,0,1,1,1,0,0,1,1,1,1,1,0,1,1,0,0,0,1,0,1,0,1,0,0]
decision:0
cost:0
reward:0
size:1
reward_amount:[1,1,1,1,1,1,1,1,1,1,1,1,1,1,1,1,1,1,1,1,1,1,1,1,1,1,1,1,1,1,1,1,1,1,1,1,1,1,1,1,1,1,1,1,1,1,1,1,1,1,1,1,1,1,1,1,1,1,1,1]
cost_digits:[1,1,1,1,1,1,1,1,1,1,1,1,1,1,1,1,1,1,1,1,1,1,1,1,1,1,1,1,1,1,1,1,1,1,1,1,1,1,1,1,1,1,1,1,1,1,1,1,1,1,1,1,1,1,1,1,1,1,1,1]
