numberOfTrials:15
numberOfBlocks:4
numberOfInstances:60
instanceRandomization:[17,42,16,23,10,24,321,8,61,101,248,51,158,13,5,132,247,7,21,14,4,97,329,27,72,18,80,345,32,20,6,22,475,31,57,2,256,290,1,58,479,11,25,110,216,118,3,122,15,484,19,191,12,406,9,108,131,157,117,377]
offloadingRandomization:[1,0,0,1,0,1,0,0,1,0,1,1,1,1,1,0,1,1,1,0,1,0,1,0,1,1,1,0,0,0,0,0,1,0,1,0,1,1,0,0,0,1,1,0,0,1,0,1,0,1,1,0,0,1,0,1,0,0,0,1]
decision:0
cost:0
reward:0
size:1
reward_amount:[1,1,1,1,1,1,1,1,1,1,1,1,1,1,1,1,1,1,1,1,1,1,1,1,1,1,1,1,1,1,1,1,1,1,1,1,1,1,1,1,1,1,1,1,1,1,1,1,1,1,1,1,1,1,1,1,1,1,1,1]
cost_digits:[1,1,1,1,1,1,1,1,1,1,1,1,1,1,1,1,1,1,1,1,1,1,1,1,1,1,1,1,1,1,1,1,1,1,1,1,1,1,1,1,1,1,1,1,1,1,1,1,1,1,1,1,1,1,1,1,1,1,1,1]
