numberOfTrials:15
numberOfBlocks:4
numberOfInstances:60
instanceRandomization:[132,7,191,8,101,24,11,4,256,13,329,57,5,406,72,25,58,17,19,158,290,22,157,122,377,484,31,131,1,32,117,118,27,23,2,321,51,345,3,15,110,248,479,12,10,61,9,247,18,6,42,16,475,80,20,108,14,21,97,216]
offloadingRandomization:[1,1,0,1,1,1,0,1,1,0,1,0,1,0,0,0,1,0,0,1,1,1,0,1,1,0,1,0,0,1,0,0,0,1,1,0,0,0,0,0,1,1,0,0,1,0,0,1,1,1,0,1,1,1,0,1,0,1,0,0]
decision:0
cost:0
reward:0
size:1
reward_amount:[1,1,1,1,1,1,1,1,1,1,1,1,1,1,1,1,1,1,1,1,1,1,1,1,1,1,1,1,1,1,1,1,1,1,1,1,1,1,1,1,1,1,1,1,1,1,1,1,1,1,1,1,1,1,1,1,1,1,1,1]
cost_digits:[1,1,1,1,1,1,1,1,1,1,1,1,1,1,1,1,1,1,1,1,1,1,1,1,1,1,1,1,1,1,1,1,1,1,1,1,1,1,1,1,1,1,1,1,1,1,1,1,1,1,1,1,1,1,1,1,1,1,1,1]
