numberOfTrials:15
numberOfBlocks:4
numberOfInstances:60
instanceRandomization:[57,17,158,6,479,21,101,3,131,377,117,11,345,290,2,13,51,406,14,484,122,15,20,1,25,16,10,247,110,191,118,9,475,4,329,72,248,31,7,58,42,24,132,18,23,256,27,321,22,61,108,8,97,32,157,12,19,5,80,216]
offloadingRandomization:[1,1,0,1,0,0,0,1,1,0,1,0,1,1,0,0,0,1,0,0,0,0,1,0,0,1,1,0,0,1,0,1,1,1,1,1,0,0,1,1,1,1,1,1,0,0,0,0,0,1,1,1,0,0,1,1,0,0,1,0]
decision:0
cost:0
reward:0
size:1
reward_amount:[1,1,1,1,1,1,1,1,1,1,1,1,1,1,1,1,1,1,1,1,1,1,1,1,1,1,1,1,1,1,1,1,1,1,1,1,1,1,1,1,1,1,1,1,1,1,1,1,1,1,1,1,1,1,1,1,1,1,1,1]
cost_digits:[1,1,1,1,1,1,1,1,1,1,1,1,1,1,1,1,1,1,1,1,1,1,1,1,1,1,1,1,1,1,1,1,1,1,1,1,1,1,1,1,1,1,1,1,1,1,1,1,1,1,1,1,1,1,1,1,1,1,1,1]
