numberOfTrials:15
numberOfBlocks:4
numberOfInstances:60
instanceRandomization:[118,484,1,97,256,216,12,27,117,51,21,15,158,4,24,19,406,9,72,110,290,20,57,6,14,17,248,247,10,18,61,479,13,3,32,25,8,329,157,22,191,131,122,132,2,23,31,321,11,5,7,108,475,80,345,16,42,58,377,101]
offloadingRandomization:[1,0,0,0,0,0,0,0,1,1,1,1,1,1,0,1,1,1,1,1,1,1,0,0,0,1,1,1,1,0,1,0,0,0,0,1,0,0,0,1,0,1,0,0,1,0,0,1,0,0,0,1,1,1,1,0,1,0,0,1]
decision:0
cost:0
reward:0
size:1
reward_amount:[1,1,1,1,1,1,1,1,1,1,1,1,1,1,1,1,1,1,1,1,1,1,1,1,1,1,1,1,1,1,1,1,1,1,1,1,1,1,1,1,1,1,1,1,1,1,1,1,1,1,1,1,1,1,1,1,1,1,1,1]
cost_digits:[1,1,1,1,1,1,1,1,1,1,1,1,1,1,1,1,1,1,1,1,1,1,1,1,1,1,1,1,1,1,1,1,1,1,1,1,1,1,1,1,1,1,1,1,1,1,1,1,1,1,1,1,1,1,1,1,1,1,1,1]
