numberOfTrials:15
numberOfBlocks:4
numberOfInstances:60
instanceRandomization:[8,1,24,72,97,256,17,132,10,110,131,9,191,25,6,377,19,122,27,321,247,42,21,101,11,4,16,484,80,14,61,20,23,158,58,475,329,15,248,406,32,108,5,18,118,57,157,22,12,216,290,51,31,3,13,117,479,2,7,345]
offloadingRandomization:[1,0,1,0,0,0,1,0,1,1,1,1,1,0,1,1,0,0,1,0,0,1,1,0,1,0,1,1,1,0,1,1,0,1,0,0,0,0,0,1,0,0,1,0,0,0,0,0,0,0,1,0,1,0,1,1,1,1,1,1]
decision:0
cost:0
reward:0
size:1
reward_amount:[1,1,1,1,1,1,1,1,1,1,1,1,1,1,1,1,1,1,1,1,1,1,1,1,1,1,1,1,1,1,1,1,1,1,1,1,1,1,1,1,1,1,1,1,1,1,1,1,1,1,1,1,1,1,1,1,1,1,1,1]
cost_digits:[1,1,1,1,1,1,1,1,1,1,1,1,1,1,1,1,1,1,1,1,1,1,1,1,1,1,1,1,1,1,1,1,1,1,1,1,1,1,1,1,1,1,1,1,1,1,1,1,1,1,1,1,1,1,1,1,1,1,1,1]
