numberOfTrials:15
numberOfBlocks:4
numberOfInstances:60
instanceRandomization:[17,248,290,1,15,3,247,101,191,158,31,19,57,117,13,14,216,484,42,25,80,22,12,4,20,157,51,72,58,321,132,23,131,32,479,475,24,108,256,2,8,11,9,6,10,18,118,122,406,377,21,7,329,97,27,61,345,110,5,16]
offloadingRandomization:[1,1,0,1,0,1,0,0,0,1,1,1,1,1,0,1,0,1,1,0,0,0,0,1,0,0,0,1,0,1,1,0,1,1,0,0,0,0,0,0,0,0,1,1,0,1,1,0,1,0,1,1,1,1,0,0,1,1,1,0]
decision:0
cost:0
reward:0
size:1
reward_amount:[1,1,1,1,1,1,1,1,1,1,1,1,1,1,1,1,1,1,1,1,1,1,1,1,1,1,1,1,1,1,1,1,1,1,1,1,1,1,1,1,1,1,1,1,1,1,1,1,1,1,1,1,1,1,1,1,1,1,1,1]
cost_digits:[1,1,1,1,1,1,1,1,1,1,1,1,1,1,1,1,1,1,1,1,1,1,1,1,1,1,1,1,1,1,1,1,1,1,1,1,1,1,1,1,1,1,1,1,1,1,1,1,1,1,1,1,1,1,1,1,1,1,1,1]
