numberOfTrials:15
numberOfBlocks:4
numberOfInstances:60
instanceRandomization:[377,479,61,248,57,31,321,1,14,5,4,97,25,80,7,12,51,247,10,101,110,20,256,132,8,23,13,11,345,118,22,329,17,122,9,18,406,27,290,58,158,108,191,15,117,72,24,42,2,19,131,32,475,157,216,3,21,16,484,6]
offloadingRandomization:[1,1,1,1,1,0,1,0,1,0,0,0,0,0,1,1,1,1,0,0,1,1,0,0,1,0,1,1,1,1,0,0,0,0,1,1,1,0,0,0,0,0,0,1,0,1,0,0,0,1,1,0,1,1,0,0,1,0,1,1]
decision:0
cost:0
reward:0
size:1
reward_amount:[1,1,1,1,1,1,1,1,1,1,1,1,1,1,1,1,1,1,1,1,1,1,1,1,1,1,1,1,1,1,1,1,1,1,1,1,1,1,1,1,1,1,1,1,1,1,1,1,1,1,1,1,1,1,1,1,1,1,1,1]
cost_digits:[1,1,1,1,1,1,1,1,1,1,1,1,1,1,1,1,1,1,1,1,1,1,1,1,1,1,1,1,1,1,1,1,1,1,1,1,1,1,1,1,1,1,1,1,1,1,1,1,1,1,1,1,1,1,1,1,1,1,1,1]
