numberOfTrials:15
numberOfBlocks:4
numberOfInstances:60
instanceRandomization:[20,17,9,247,10,97,122,58,248,31,21,32,131,12,345,406,15,7,377,27,2,101,117,5,216,25,329,72,42,118,110,19,22,132,475,157,13,3,321,57,6,14,8,158,16,256,4,479,484,11,191,23,18,61,24,51,290,108,80,1]
offloadingRandomization:[0,0,1,1,1,1,0,1,0,0,0,0,0,1,1,0,0,0,0,0,1,1,1,1,1,1,1,0,0,1,0,0,1,0,1,0,1,0,0,1,1,0,1,1,1,0,1,0,0,0,1,0,0,0,1,1,1,1,0,1]
decision:0
cost:0
reward:0
size:1
reward_amount:[1,1,1,1,1,1,1,1,1,1,1,1,1,1,1,1,1,1,1,1,1,1,1,1,1,1,1,1,1,1,1,1,1,1,1,1,1,1,1,1,1,1,1,1,1,1,1,1,1,1,1,1,1,1,1,1,1,1,1,1]
cost_digits:[1,1,1,1,1,1,1,1,1,1,1,1,1,1,1,1,1,1,1,1,1,1,1,1,1,1,1,1,1,1,1,1,1,1,1,1,1,1,1,1,1,1,1,1,1,1,1,1,1,1,1,1,1,1,1,1,1,1,1,1]
