numberOfTrials:15
numberOfBlocks:4
numberOfInstances:60
instanceRandomization:[248,31,80,14,17,23,15,321,329,406,32,475,18,6,22,58,12,345,42,24,290,118,101,21,9,4,247,131,216,7,13,51,5,117,97,20,8,11,110,72,157,1,191,10,484,61,479,2,19,3,256,108,25,57,158,122,27,377,132,16]
offloadingRandomization:[0,1,0,1,0,1,0,1,0,0,0,1,1,0,0,0,1,0,1,1,0,0,1,1,0,0,0,1,0,1,1,1,0,0,1,0,0,1,0,0,1,0,0,1,0,1,0,1,1,1,1,0,1,1,1,1,0,1,1,0]
decision:0
cost:0
reward:0
size:1
reward_amount:[1,1,1,1,1,1,1,1,1,1,1,1,1,1,1,1,1,1,1,1,1,1,1,1,1,1,1,1,1,1,1,1,1,1,1,1,1,1,1,1,1,1,1,1,1,1,1,1,1,1,1,1,1,1,1,1,1,1,1,1]
cost_digits:[1,1,1,1,1,1,1,1,1,1,1,1,1,1,1,1,1,1,1,1,1,1,1,1,1,1,1,1,1,1,1,1,1,1,1,1,1,1,1,1,1,1,1,1,1,1,1,1,1,1,1,1,1,1,1,1,1,1,1,1]
