numberOfTrials:15
numberOfBlocks:4
numberOfInstances:60
instanceRandomization:[31,21,42,479,132,329,110,61,118,4,290,19,23,9,108,27,484,13,191,15,2,14,32,8,16,157,10,321,1,51,216,101,11,17,117,345,3,256,25,158,24,131,22,57,97,5,406,6,475,20,18,377,12,58,72,80,122,247,248,7]
offloadingRandomization:[0,1,1,0,1,0,0,0,0,0,1,1,0,0,0,1,1,1,0,1,0,1,1,0,1,1,0,0,1,1,1,0,1,0,0,0,0,0,1,1,0,0,1,0,0,0,0,1,1,0,0,1,1,1,1,1,1,0,1,1]
decision:0
cost:0
reward:0
size:1
reward_amount:[1,1,1,1,1,1,1,1,1,1,1,1,1,1,1,1,1,1,1,1,1,1,1,1,1,1,1,1,1,1,1,1,1,1,1,1,1,1,1,1,1,1,1,1,1,1,1,1,1,1,1,1,1,1,1,1,1,1,1,1]
cost_digits:[1,1,1,1,1,1,1,1,1,1,1,1,1,1,1,1,1,1,1,1,1,1,1,1,1,1,1,1,1,1,1,1,1,1,1,1,1,1,1,1,1,1,1,1,1,1,1,1,1,1,1,1,1,1,1,1,1,1,1,1]
