numberOfTrials:15
numberOfBlocks:4
numberOfInstances:60
instanceRandomization:[475,12,24,479,97,118,25,8,321,51,9,80,122,16,345,406,117,10,17,21,377,191,31,3,13,61,7,290,58,18,248,32,108,247,23,329,27,11,15,4,6,110,132,157,20,14,5,42,19,57,484,216,131,22,158,256,2,101,72,1]
offloadingRandomization:[0,1,0,0,1,0,0,0,0,1,1,1,1,1,1,0,0,1,0,0,0,1,0,0,0,0,1,1,0,0,0,1,1,1,1,0,1,0,1,1,0,1,0,1,0,1,1,0,0,0,1,0,1,1,1,1,1,0,1,0]
decision:0
cost:0
reward:0
size:1
reward_amount:[1,1,1,1,1,1,1,1,1,1,1,1,1,1,1,1,1,1,1,1,1,1,1,1,1,1,1,1,1,1,1,1,1,1,1,1,1,1,1,1,1,1,1,1,1,1,1,1,1,1,1,1,1,1,1,1,1,1,1,1]
cost_digits:[1,1,1,1,1,1,1,1,1,1,1,1,1,1,1,1,1,1,1,1,1,1,1,1,1,1,1,1,1,1,1,1,1,1,1,1,1,1,1,1,1,1,1,1,1,1,1,1,1,1,1,1,1,1,1,1,1,1,1,1]
