numberOfTrials:15
numberOfBlocks:4
numberOfInstances:60
instanceRandomization:[256,6,132,27,3,1,13,216,22,25,191,118,24,11,329,18,21,5,345,484,110,10,406,8,57,479,9,122,101,117,377,247,58,108,15,72,17,23,157,42,321,2,19,32,14,12,290,16,7,131,97,158,31,475,4,20,61,51,80,248]
offloadingRandomization:[0,1,1,1,1,1,0,1,1,1,1,1,1,0,0,1,1,1,0,0,1,1,0,0,0,1,0,1,1,1,1,0,1,0,0,0,0,0,1,1,0,1,0,0,0,1,0,1,0,1,1,0,0,0,0,0,0,0,0,1]
decision:0
cost:0
reward:0
size:1
reward_amount:[1,1,1,1,1,1,1,1,1,1,1,1,1,1,1,1,1,1,1,1,1,1,1,1,1,1,1,1,1,1,1,1,1,1,1,1,1,1,1,1,1,1,1,1,1,1,1,1,1,1,1,1,1,1,1,1,1,1,1,1]
cost_digits:[1,1,1,1,1,1,1,1,1,1,1,1,1,1,1,1,1,1,1,1,1,1,1,1,1,1,1,1,1,1,1,1,1,1,1,1,1,1,1,1,1,1,1,1,1,1,1,1,1,1,1,1,1,1,1,1,1,1,1,1]
