numberOfTrials:15
numberOfBlocks:4
numberOfInstances:60
instanceRandomization:[58,345,42,158,10,8,27,51,31,108,9,18,12,256,2,32,97,25,57,131,475,13,247,11,5,321,6,191,22,7,4,377,1,132,216,122,23,17,406,479,3,80,110,14,101,157,20,21,117,329,15,24,72,118,290,19,484,61,16,248]
offloadingRandomization:[0,1,0,1,0,1,1,1,1,0,1,1,1,1,0,0,1,1,1,0,0,1,0,0,0,0,1,1,0,0,0,0,0,0,0,0,1,1,1,0,1,1,0,1,1,1,1,0,0,1,1,1,0,0,1,0,0,0,0,1]
decision:0
cost:0
reward:0
size:1
reward_amount:[1,1,1,1,1,1,1,1,1,1,1,1,1,1,1,1,1,1,1,1,1,1,1,1,1,1,1,1,1,1,1,1,1,1,1,1,1,1,1,1,1,1,1,1,1,1,1,1,1,1,1,1,1,1,1,1,1,1,1,1]
cost_digits:[1,1,1,1,1,1,1,1,1,1,1,1,1,1,1,1,1,1,1,1,1,1,1,1,1,1,1,1,1,1,1,1,1,1,1,1,1,1,1,1,1,1,1,1,1,1,1,1,1,1,1,1,1,1,1,1,1,1,1,1]
