numberOfTrials:15
numberOfBlocks:4
numberOfInstances:60
instanceRandomization:[32,25,321,58,23,377,27,157,3,24,12,216,57,18,248,122,191,15,7,8,247,131,101,13,6,256,5,484,11,97,22,406,51,479,20,16,132,80,31,329,9,2,108,290,14,475,117,21,110,72,19,4,1,17,118,10,158,42,61,345]
offloadingRandomization:[1,0,1,0,1,0,0,0,1,1,0,1,1,1,0,0,0,0,0,0,0,0,1,1,1,1,1,0,1,1,0,0,1,1,1,1,0,1,0,0,0,0,1,1,1,1,0,1,0,0,1,0,0,1,0,1,1,1,0,0]
decision:0
cost:0
reward:0
size:1
reward_amount:[1,1,1,1,1,1,1,1,1,1,1,1,1,1,1,1,1,1,1,1,1,1,1,1,1,1,1,1,1,1,1,1,1,1,1,1,1,1,1,1,1,1,1,1,1,1,1,1,1,1,1,1,1,1,1,1,1,1,1,1]
cost_digits:[1,1,1,1,1,1,1,1,1,1,1,1,1,1,1,1,1,1,1,1,1,1,1,1,1,1,1,1,1,1,1,1,1,1,1,1,1,1,1,1,1,1,1,1,1,1,1,1,1,1,1,1,1,1,1,1,1,1,1,1]
