numberOfTrials:15
numberOfBlocks:4
numberOfInstances:60
instanceRandomization:[9,25,80,158,256,19,13,110,479,31,290,132,15,17,118,4,484,24,20,345,377,10,42,57,23,61,12,58,72,5,406,7,216,247,18,101,27,131,122,97,248,22,3,32,21,51,475,321,191,108,1,117,11,16,14,157,2,329,8,6]
offloadingRandomization:[1,0,1,0,1,0,0,1,0,0,1,1,1,0,1,1,1,0,0,1,1,1,0,0,1,1,0,1,0,0,0,1,1,1,1,1,1,0,0,0,0,0,0,1,1,0,0,0,1,0,1,1,0,0,1,0,1,0,1,0]
decision:0
cost:0
reward:0
size:1
reward_amount:[1,1,1,1,1,1,1,1,1,1,1,1,1,1,1,1,1,1,1,1,1,1,1,1,1,1,1,1,1,1,1,1,1,1,1,1,1,1,1,1,1,1,1,1,1,1,1,1,1,1,1,1,1,1,1,1,1,1,1,1]
cost_digits:[1,1,1,1,1,1,1,1,1,1,1,1,1,1,1,1,1,1,1,1,1,1,1,1,1,1,1,1,1,1,1,1,1,1,1,1,1,1,1,1,1,1,1,1,1,1,1,1,1,1,1,1,1,1,1,1,1,1,1,1]
