numberOfTrials:15
numberOfBlocks:4
numberOfInstances:60
instanceRandomization:[42,97,108,17,3,14,18,118,61,10,1,23,484,117,216,20,12,24,6,290,7,57,475,345,9,377,58,110,256,22,191,15,51,16,247,122,8,5,132,25,101,131,80,158,329,406,19,4,11,479,21,321,2,31,32,157,248,13,27,72]
offloadingRandomization:[1,0,0,0,0,1,1,0,1,1,1,0,0,1,0,0,1,1,0,1,0,1,0,0,1,0,1,0,1,1,0,1,0,0,1,0,1,0,1,1,1,1,1,1,0,1,0,1,0,1,1,0,0,0,1,0,1,0,0,0]
decision:0
cost:0
reward:0
size:1
reward_amount:[1,1,1,1,1,1,1,1,1,1,1,1,1,1,1,1,1,1,1,1,1,1,1,1,1,1,1,1,1,1,1,1,1,1,1,1,1,1,1,1,1,1,1,1,1,1,1,1,1,1,1,1,1,1,1,1,1,1,1,1]
cost_digits:[1,1,1,1,1,1,1,1,1,1,1,1,1,1,1,1,1,1,1,1,1,1,1,1,1,1,1,1,1,1,1,1,1,1,1,1,1,1,1,1,1,1,1,1,1,1,1,1,1,1,1,1,1,1,1,1,1,1,1,1]
