numberOfTrials:15
numberOfBlocks:4
numberOfInstances:60
instanceRandomization:[132,15,6,24,247,290,1,61,14,8,158,11,51,25,345,20,4,216,72,475,19,110,7,117,479,42,57,32,329,17,484,16,58,377,21,2,191,248,406,31,118,101,22,18,122,131,157,97,12,108,80,5,256,3,23,27,321,9,13,10]
offloadingRandomization:[0,1,1,1,1,0,1,1,1,0,0,0,0,0,0,1,0,1,1,0,1,0,0,0,1,1,1,0,1,0,1,1,0,0,1,1,0,0,0,0,0,1,1,0,1,0,1,1,0,0,1,1,1,0,1,1,1,0,0,0]
decision:0
cost:0
reward:0
size:1
reward_amount:[1,1,1,1,1,1,1,1,1,1,1,1,1,1,1,1,1,1,1,1,1,1,1,1,1,1,1,1,1,1,1,1,1,1,1,1,1,1,1,1,1,1,1,1,1,1,1,1,1,1,1,1,1,1,1,1,1,1,1,1]
cost_digits:[1,1,1,1,1,1,1,1,1,1,1,1,1,1,1,1,1,1,1,1,1,1,1,1,1,1,1,1,1,1,1,1,1,1,1,1,1,1,1,1,1,1,1,1,1,1,1,1,1,1,1,1,1,1,1,1,1,1,1,1]
