numberOfTrials:15
numberOfBlocks:4
numberOfInstances:60
instanceRandomization:[18,72,118,406,24,484,11,248,80,25,9,8,345,27,158,475,32,247,479,6,51,31,7,191,16,22,132,61,21,12,108,1,117,377,321,13,19,101,216,17,5,97,4,58,10,42,15,2,57,290,14,23,157,20,131,110,3,122,329,256]
offloadingRandomization:[0,0,1,1,0,0,1,1,1,1,1,0,0,1,0,1,1,1,0,1,1,0,0,1,0,1,1,0,0,0,0,0,1,0,0,0,1,0,0,1,0,0,1,0,1,1,0,1,1,0,0,1,0,0,1,1,1,0,1,1]
decision:0
cost:0
reward:0
size:1
reward_amount:[1,1,1,1,1,1,1,1,1,1,1,1,1,1,1,1,1,1,1,1,1,1,1,1,1,1,1,1,1,1,1,1,1,1,1,1,1,1,1,1,1,1,1,1,1,1,1,1,1,1,1,1,1,1,1,1,1,1,1,1]
cost_digits:[1,1,1,1,1,1,1,1,1,1,1,1,1,1,1,1,1,1,1,1,1,1,1,1,1,1,1,1,1,1,1,1,1,1,1,1,1,1,1,1,1,1,1,1,1,1,1,1,1,1,1,1,1,1,1,1,1,1,1,1]
